// HELPERS
			var col_dict = {
				'white': 0,
				'red': 1,
				'orange': 2,
				'yellow': 3,
				'green': 4,
				'blue': 5,
				'purple': 6
			}

Flag:

var target_img = [
				[2,2,2,2,2,2,2,2],
				[2,1,1,1,1,1,1,2],
				[2,1,1,1,1,1,1,2],
				[2,0,0,0,0,0,0,2],
				[2,0,0,0,0,0,0,2],
				[2,5,5,5,5,5,5,2],
				[2,5,5,5,5,5,5,2],
				[2,2,2,2,2,2,2,2]
			]\


Bananda Apple:

var target_img = [
				[0,0,0,0,4,4,0,0],
				[0,0,0,0,0,2,0,0],
				[0,0,0,0,0,2,2,0],
				[0,0,0,0,0,2,4,4],
				[2,0,0,0,2,1,1,0],
				[2,2,2,2,1,1,1,1],
				[0,2,2,2,1,1,1,1],
				[0,0,0,0,0,1,1,0]
			]\

Flowers:

var target_img = [
				[0,0,0,0,0,5,6,5],
				[5,6,5,0,0,6,3,6],
				[6,3,6,0,0,5,6,5],
				[5,6,5,2,1,2,4,0],
				[0,4,0,1,3,1,4,0],
				[0,4,0,2,1,2,0,0],
				[0,0,0,0,4,0,0,0],
				[0,0,0,0,4,0,0,0]
			]\



Lion head:

var target_img = [
				[0,1,1,1,1,1,1,0],
				[1,3,3,1,1,3,3,1],
				[1,3,3,3,3,3,3,1],
				[1,1,5,3,3,5,1,1],
				[1,1,3,3,3,3,1,1],
				[1,1,3,2,2,3,1,1],
				[0,1,1,3,3,1,1,0],
				[0,0,1,1,1,1,0,0]
			]\

Rainbow:

var target_img = [
				[0,0,0,1,1,0,0,0],
				[0,1,1,2,2,1,1,0],
				[1,2,2,3,3,2,2,1],
				[2,3,3,4,4,3,3,2],
				[3,4,4,5,5,4,4,3],
				[4,5,5,6,6,5,5,4],
				[5,6,6,0,0,6,6,5],
				[6,0,0,0,0,0,0,6]
			]\















